# r(kpc)                density(g/cm^3)       mass(Msun)            potential(cm^2/s^2)    bin_size=500
  1.99078901263689e-07  1.14450134026304e-23  5.58725501638958e-12 -1.89699597470389e+14
  2.07285852703498e-07  1.14444890969487e-23  6.30711319646643e-12 -1.89698927440802e+14
  2.15831132572427e-07  1.14439648152858e-23  7.11968146880361e-12 -1.89698257411214e+14
  2.24728688330356e-07  1.14434405576408e-23  8.03690441873824e-12 -1.89697587381626e+14
  2.33993042415857e-07  1.14429163240125e-23  9.07225228373334e-12 -1.89696917352038e+14
  2.43639315949467e-07  1.14423921143997e-23  1.02409413656713e-11 -1.89696247322450e+14
  2.53683253414126e-07  1.14418679288014e-23  1.15601612879481e-11 -1.89695577292862e+14
  2.64141248353052e-07  1.14413437672165e-23  1.30492603879333e-11 -1.89694907263274e+14
  2.75030370127000e-07  1.14408196296439e-23  1.47301666796842e-11 -1.89694237233687e+14
  2.86368391774584e-07  1.14402955160825e-23  1.66275348660988e-11 -1.89693567204099e+14
  2.98173819021128e-07  1.14397714265312e-23  1.87692779705872e-11 -1.89692897174511e+14
  3.10465920483389e-07  1.14392473609888e-23  2.11868726386064e-11 -1.89692227144923e+14
  3.23264759119473e-07  1.14387233194543e-23  2.39157921391832e-11 -1.89691557115335e+14
  3.36591224975245e-07  1.14381993019266e-23  2.69962029607627e-11 -1.89690887085747e+14
  3.50467069280709e-07  1.14376753084046e-23  3.04733497079083e-11 -1.89690217056159e+14
  3.64914939951992e-07  1.14371513388872e-23  3.43982742669235e-11 -1.89689547026572e+14
  3.79958418556890e-07  1.14366273933732e-23  3.88287235964668e-11 -1.89688876996984e+14
  3.95622058804295e-07  1.14361034718616e-23  4.38298085783290e-11 -1.89688206967396e+14
  4.11931426620343e-07  1.14355795743513e-23  4.94749193019687e-11 -1.89687536937808e+14
  4.28913141876680e-07  1.14350557008413e-23  5.58470758927593e-11 -1.89686866908220e+14
  4.46594921838964e-07  1.14345318513303e-23  6.30399388287308e-11 -1.89686196878632e+14
  4.65005626406512e-07  1.14340080258173e-23  7.11592115565988e-11 -1.89685526849044e+14
  4.84175305216932e-07  1.14334842243011e-23  8.03240858212296e-11 -1.89684856819457e+14
  5.04135246692634e-07  1.14329604467807e-23  9.06693154868431e-11 -1.89684186789869e+14
  5.24918029109252e-07  1.14324366932552e-23  1.02346944727093e-10 -1.89683516760281e+14
  5.46557573769355e-07  1.14319129637231e-23  1.15528578107522e-10 -1.89682846730693e+14
  5.69089200368217e-07  1.14313892581835e-23  1.30407888261939e-10 -1.89682176701105e+14
  5.92549684642015e-07  1.14308655766353e-23  1.47203412220829e-10 -1.89681506671517e+14
  6.16977318392564e-07  1.14303419190774e-23  1.66162069332210e-10 -1.89680836641929e+14
  6.42411971986541e-07  1.14298182855087e-23  1.87562454361567e-10 -1.89680166612342e+14
  6.68895159431213e-07  1.14292946759281e-23  2.11719042918636e-10 -1.89679496582754e+14
  6.96470106132894e-07  1.14287710903345e-23  2.38986812631775e-10 -1.89678826553166e+14
  7.25181819448713e-07  1.14282475287267e-23  2.69766303139916e-10 -1.89678156523578e+14
  7.55077162146857e-07  1.14277239911038e-23  3.04509883049139e-10 -1.89677486493990e+14
  7.86204928895179e-07  1.14272004774646e-23  3.43728137273897e-10 -1.89676816464402e+14
  8.18615925903018e-07  1.14266769878080e-23  3.87997365387559e-10 -1.89676146434814e+14
  8.52363053846233e-07  1.14261535221328e-23  4.37968089393028e-10 -1.89675476405227e+14
  8.87501394210780e-07  1.14256300804381e-23  4.94374612933466e-10 -1.89674806375639e+14
  9.24088299195770e-07  1.14251066627227e-23  5.58045729214192e-10 -1.89674136346051e+14
  9.62183485322753e-07  1.14245832689854e-23  6.29916964330812e-10 -1.89673466316463e+14
  1.00184913090400e-06  1.14240598992254e-23  7.11044563526879e-10 -1.89672796286875e+14
  1.04314997752890e-06  1.14235365534413e-23  8.02620662653704e-10 -1.89672126257287e+14
  1.08615343573403e-06  1.14230132316321e-23  9.05990933862311e-10 -1.89671456227699e+14
  1.13092969502956e-06  1.14224899337967e-23  1.02267435968816e-09 -1.89670786198112e+14
  1.17755183846128e-06  1.14219666599340e-23  1.15438555385894e-09 -1.89670116168524e+14
  1.22609596189559e-06  1.14214434100430e-23  1.30305995682017e-09 -1.89669446138936e+14
  1.27664129822178e-06  1.14209201841225e-23  1.47088208215248e-09 -1.89668776109348e+14
  1.32927034667471e-06  1.14203969821714e-23  1.66031804995084e-09 -1.89668106079760e+14
  1.38406900748853e-06  1.14198738041886e-23  1.87415161314072e-09 -1.89667436050172e+14
  1.44112672210168e-06  1.14193506501730e-23  2.11552495569080e-09 -1.89666766020584e+14
  1.50053661914162e-06  1.14188275201236e-23  2.38798494571747e-09 -1.89666095990996e+14
  1.56239566642780e-06  1.14183044140392e-23  2.69553525504912e-09 -1.89665425961409e+14
  1.62680482924087e-06  1.14177813319187e-23  3.04269519130688e-09 -1.89664755931821e+14
  1.69386923511652e-06  1.14172582737610e-23  3.43456610701162e-09 -1.89664085902233e+14
  1.76369834543281e-06  1.14167352395651e-23  3.87690636156795e-09 -1.89663415872645e+14
  1.83640613407118e-06  1.14162122293299e-23  4.37621584699555e-09 -1.89662745843057e+14
  1.91211127344267e-06  1.14156892430541e-23  4.93983147260655e-09 -1.89662075813469e+14
  1.99093732818299e-06  1.14151662807368e-23  5.57603551354510e-09 -1.89661405783882e+14
  2.07301295683265e-06  1.14146433423768e-23  6.29417667804580e-09 -1.89660735754294e+14
  2.15847212183119e-06  1.14141204279731e-23  7.10480770043017e-09 -1.89660065724706e+14
  2.24745430816839e-06  1.14135975375246e-23  8.01984040839318e-09 -1.89659395695118e+14
  2.34010475104931e-06  1.14130746710301e-23  9.05272076150436e-09 -1.89658725665530e+14
  2.43657467294470e-06  1.14125518284885e-23  1.02186264330288e-08 -1.89658055635942e+14
  2.53702153041374e-06  1.14120290098988e-23  1.15346898384369e-08 -1.89657385606354e+14
  2.64160927110192e-06  1.14115062152598e-23  1.30202498878978e-08 -1.89656715576766e+14
  2.75050860133365e-06  1.14109834445706e-23  1.46971361621370e-08 -1.89656045547179e+14
  2.86389726473612e-06  1.14104606978299e-23  1.65899896874830e-08 -1.89655375517591e+14
  2.98196033234950e-06  1.14099379750366e-23  1.87266249087687e-08 -1.89654705488003e+14
  3.10489050469666e-06  1.14094152761897e-23  2.11384383582748e-08 -1.89654035458415e+14
  3.23288842630573e-06  1.14088926012881e-23  2.38608707337038e-08 -1.89653365428827e+14
  3.36616301319864e-06  1.14083699503307e-23  2.69339268360748e-08 -1.89652695399239e+14
  3.50493179388028e-06  1.14078473233163e-23  3.04027637091428e-08 -1.89652025369651e+14
  3.64942126438484e-06  1.14073247202439e-23  3.43183541998843e-08 -1.89651355340064e+14
  3.79986725795872e-06  1.14068021411124e-23  3.87382359793431e-08 -1.89650685310476e+14
  3.95651532998360e-06  1.14062795859207e-23  4.37273570303284e-08 -1.89650015280888e+14
  4.11962115876767e-06  1.14057570546678e-23  4.93590300259893e-08 -1.89649345251300e+14
  4.28945096285944e-06  1.14052345473524e-23  5.57160096233873e-08 -1.89648675221712e+14
  4.46628193556509e-06  1.14047120639735e-23  6.28917085023669e-08 -1.89648005192124e+14
  4.65040269737866e-06  1.14041896045299e-23  7.09915700188135e-08 -1.89647335162536e+14
  4.84211376706350e-06  1.14036671690207e-23  8.01346176427627e-08 -1.89646665132949e+14
  5.04172805215384e-06  1.14031447574448e-23  9.04552039495880e-08 -1.89645995103361e+14
  5.24957135967714e-06  1.14026223698009e-23  1.02104984864833e-07 -1.89645325073773e+14
  5.46598292793076e-06  1.14021000060880e-23  1.15255148173237e-07 -1.89644655044185e+14
  5.69131598018091e-06  1.14015776663051e-23  1.30098929038801e-07 -1.89643985014597e+14
  5.92593830118764e-06  1.14010553504510e-23  1.46854448851890e-07 -1.89643314985009e+14
  6.17023283749681e-06  1.14005330585246e-23  1.65767922171522e-07 -1.89642644955421e+14
  6.42459832247896e-06  1.14000107905249e-23  1.87117273163296e-07 -1.89641974925834e+14
  6.68944992713507e-06  1.13994885464506e-23  2.11216219986396e-07 -1.89641304896246e+14
  6.96521993773160e-06  1.13989663263008e-23  2.38418884751542e-07 -1.89640634866658e+14
  7.25235846137072e-06  1.13984441300744e-23  2.69124997170345e-07 -1.89639964837070e+14
  7.55133416064747e-06  1.13979219577703e-23  3.03785768385828e-07 -1.89639294807482e+14
  7.86263501859283e-06  1.13973998093872e-23  3.42910521297124e-07 -1.89638624777894e+14
  8.18676913515129e-06  1.13968776849242e-23  3.87074174807700e-07 -1.89637954748306e+14
  8.52426555649290e-06  1.13963555843802e-23  4.36925691974446e-07 -1.89637284718719e+14
  8.87567513851341e-06  1.13958335077540e-23  4.93197616198999e-07 -1.89636614689131e+14
  9.24157144593183e-06  1.13953114550447e-23  5.56716835590903e-07 -1.89635944659543e+14
  9.62255168845301e-06  1.13947894262510e-23  6.28416733679630e-07 -1.89635274629955e+14
  1.00192376955231e-05  1.13942674213718e-23  7.09350905024139e-07 -1.89634604600367e+14
  1.04322769312688e-05  1.13937454404062e-23  8.00708637264100e-07 -1.89633934570779e+14
  1.08623435512778e-05  1.13932234833529e-23  9.03832387113858e-07 -1.89633264541191e+14
  1.13101395029431e-05  1.13927015502109e-23  1.02023750710023e-06 -1.89632594511604e+14
  1.17763956711704e-05  1.13921796409792e-23  1.15163451291881e-06 -1.89631924482016e+14
  1.22618730713157e-05  1.13916577556565e-23  1.29995421861654e-06 -1.89631254452428e+14
  1.27673640913013e-05  1.13911358942418e-23  1.46737610894969e-06 -1.89630584422840e+14
  1.32936937849381e-05  1.13906140567340e-23  1.65636036583494e-06 -1.89629914393252e+14
  1.38417212185644e-05  1.13900922431321e-23  1.86968401950653e-06 -1.89629244363664e+14
  1.44123408731991e-05  1.13895704534349e-23  2.11048175560276e-06 -1.89628574334076e+14
  1.50064841044984e-05  1.13890486876413e-23  2.38229197782188e-06 -1.89627904304489e+14
  1.56251206628987e-05  1.13885269457502e-23  2.68910880241135e-06 -1.89627234274901e+14
  1.62692602764267e-05  1.13880052277606e-23  3.03544075091728e-06 -1.89626564245313e+14
  1.69399542987601e-05  1.13874835336712e-23  3.42637700046465e-06 -1.89625894215725e+14
  1.76382974252291e-05  1.13869618634813e-23  3.86766216595246e-06 -1.89625224186137e+14
  1.83654294795598e-05  1.13864402171893e-23  4.36578071470582e-06 -1.89624554156549e+14
  1.91225372742746e-05  1.13859185947945e-23  4.92805225251712e-06 -1.89623884126961e+14
  1.99108565477873e-05  1.13853969962956e-23  5.56273908163421e-06 -1.89623214097374e+14
  2.07316739813548e-05  1.13848754216915e-23  6.27916761120689e-06 -1.89622544067786e+14
  2.15863292991756e-05  1.13843538709813e-23  7.08786540425811e-06 -1.89621874038198e+14
  2.24762174550652e-05  1.13838323441638e-23  8.00071587501755e-06 -1.89621204008610e+14
  2.34027909092756e-05  1.13833108412377e-23  9.03113290981828e-06 -1.89620533979022e+14
  2.43675619991764e-05  1.13827893622022e-23  1.01942579775243e-05 -1.89619863949434e+14
  2.53721054076660e-05  1.13822679070561e-23  1.15071826259291e-05 -1.89619193919846e+14
  2.64180607333418e-05  1.13817464757983e-23  1.29891996336002e-05 -1.89618523890259e+14
  2.75071351666253e-05  1.13812250684277e-23  1.46620865077213e-05 -1.89617853860671e+14
  2.86411062762094e-05  1.13807036849432e-23  1.65504254937930e-05 -1.89617183831083e+14
  2.98218249103750e-05  1.13801823253437e-23  1.86819647995763e-05 -1.89616513801495e+14
  3.10512182179147e-05  1.13796609896281e-23  2.10880263412867e-05 -1.89615843771907e+14
  3.23312927935917e-05  1.13791396777954e-23  2.38039660036660e-05 -1.89615173742319e+14
  3.36641379532693e-05  1.13786183898444e-23  2.68696931772287e-05 -1.89614503712731e+14
  3.50519291440574e-05  1.13780971257740e-23  3.03302572070225e-05 -1.89613833683144e+14
  3.64969314950392e-05  1.13775758855832e-23  3.42365093704810e-05 -1.89613163653556e+14
  3.80015035143769e-05  1.13770546692708e-23  3.86458501118033e-05 -1.89612493623968e+14
  3.95681009388279e-05  1.13765334768359e-23  4.36230725131013e-05 -1.89611823594380e+14
  4.11992807419568e-05  1.13760123082771e-23  4.92413143967065e-05 -1.89611153564792e+14
  4.28977053075839e-05  1.13754911635935e-23  5.55831330493073e-05 -1.89610483535204e+14
  4.46661467752825e-05  1.13749700427840e-23  6.27417183604595e-05 -1.89609813505616e+14
  4.65074915650179e-05  1.13744489458475e-23  7.08222622019376e-05 -1.89609143476029e+14
  4.84247450883125e-05  1.13739278727829e-23  7.99435041702810e-05 -1.89608473446441e+14
  5.04210366536277e-05  1.13734068235890e-23  9.02394764064583e-05 -1.89607803416853e+14
  5.24996245739672e-05  1.13728857982649e-23  1.01861473131909e-04 -1.89607133387265e+14
  5.46639014850401e-05  1.13723647968094e-23  1.14980273842325e-04 -1.89606463357677e+14
  5.69173998826629e-05  1.13718438192213e-23  1.29788652827903e-04 -1.89605793328089e+14
  5.92637978884390e-05  1.13713228654998e-23  1.46504211896225e-04 -1.89605123298501e+14
  6.17069252531257e-05  1.13708019356435e-23  1.65372577923234e-04 -1.89604453268914e+14
  6.42507696074883e-05  1.13702810296515e-23  1.86671012218733e-04 -1.89603783239326e+14
  6.68994829708425e-05  1.13697601475226e-23  2.10712484744247e-04 -1.89603113209738e+14
  6.96573885279102e-05  1.13692392892557e-23  2.37850273051871e-04 -1.89602443180150e+14
  7.25289876850467e-05  1.13687184548499e-23  2.68483153523223e-04 -1.89601773150562e+14
  7.55189674173603e-05  1.13681976443039e-23  3.03061261191214e-04 -1.89601103120974e+14
  7.86322079187125e-05  1.13676768576166e-23  3.42092704251795e-04 -1.89600433091386e+14
  8.18737905670871e-05  1.13671560947870e-23  3.86151030462678e-04 -1.89599763061799e+14
  8.52490062183287e-05  1.13666353558140e-23  4.35883655144060e-04 -1.89599093032211e+14
  8.87633638417873e-05  1.13661146406965e-23  4.92021374626653e-04 -1.89598423002623e+14
  9.24225995119639e-05  1.13655939494334e-23  5.55389104942025e-04 -1.89597752973035e+14
  9.62326857708334e-05  1.13650732820236e-23  6.26918003555068e-04 -1.89597082943447e+14
  1.00199841376126e-04  1.13645526384660e-23  7.07659152266767e-04 -1.89596412913859e+14
  1.04330541451475e-04  1.13640320187595e-23  7.98799002337043e-04 -1.89595742884271e+14
  1.08631528055008e-04  1.13635114229031e-23  9.01676808800909e-04 -1.89595072854684e+14
  1.13109821183615e-04  1.13629908508956e-23  1.01780431015905e-03 -1.89594402825096e+14
  1.17772730230867e-04  1.13624703027359e-23  1.14888794262765e-03 -1.89593732795508e+14
  1.22627865917286e-04  1.13619497784230e-23  1.29685391537488e-03 -1.89593062765920e+14
  1.27683152712433e-04  1.13614292779557e-23  1.46387651521227e-03 -1.89592392736332e+14
  1.32946841769088e-04  1.13609088013330e-23  1.65241005666437e-03 -1.89591722706744e+14
  1.38427524390647e-04  1.13603883485538e-23  1.86522494690723e-03 -1.89591052677156e+14
  1.44134146053694e-04  1.13598679196169e-23  2.10544839553209e-03 -1.89590382647568e+14
  1.50076021008661e-04  1.13593475145213e-23  2.37661036734414e-03 -1.89589712617981e+14
  1.56262847482384e-04  1.13588271332659e-23  2.68269545345005e-03 -1.89589042588393e+14
  1.62704723507385e-04  1.13583067758497e-23  3.02820142285419e-03 -1.89588372558805e+14
  1.69412163403711e-04  1.13577864422715e-23  3.41820531495039e-03 -1.89587702529217e+14
  1.76396114940221e-04  1.13572661325301e-23  3.85843804410551e-03 -1.89587032499629e+14
  1.83667977203354e-04  1.13567458466246e-23  4.35536861261269e-03 -1.89586362470041e+14
  1.91239619202519e-04  1.13562255845538e-23  4.91629916948149e-03 -1.89585692440454e+14
  1.99123399242494e-04  1.13557053463166e-23  5.54947231190735e-03 -1.89585022410866e+14
  2.07332185094432e-04  1.13551851319121e-23  6.26419220616193e-03 -1.89584352381278e+14
  2.15879374998428e-04  1.13546649413390e-23  7.07096130771631e-03 -1.89583682351690e+14
  2.24778919531888e-04  1.13541447745962e-23  7.98163468963147e-03 -1.89583012322102e+14
  2.34045344379429e-04  1.13536246316827e-23  9.00959424699547e-03 -1.89582342292514e+14
  2.43693774041451e-04  1.13531045125974e-23  1.01699453372554e-02 -1.89581672262926e+14
  2.53739956520090e-04  1.13525844173392e-23  1.14797387459768e-02 -1.89581002233338e+14
  2.64200289022837e-04  1.13520643459070e-23  1.29582212397069e-02 -1.89580332203751e+14
  2.75091844725779e-04  1.13515442982997e-23  1.46271183876931e-02 -1.89579662174163e+14
  2.86432400640148e-04  1.13510242745162e-23  1.65109538083816e-02 -1.89578992144575e+14
  2.98240466627653e-04  1.13505042745554e-23  1.86374095318651e-02 -1.89578322114987e+14
  3.10535315611961e-04  1.13499842984164e-23  2.10377327736286e-02 -1.89577652085399e+14
  3.23337015035636e-04  1.13494643460978e-23  2.37471950969312e-02 -1.89576982055811e+14
  3.36666459613871e-04  1.13489444175986e-23  2.68056107109894e-02 -1.89576312026223e+14
  3.50545405438491e-04  1.13484245129179e-23  3.02579215210965e-02 -1.89575641996636e+14
  3.64996505487869e-04  1.13479046320544e-23  3.41548575277001e-02 -1.89574971967048e+14
  3.80043346600737e-04  1.13473847750071e-23  3.85536822786768e-02 -1.89574301937460e+14
  3.95710487974215e-04  1.13468649417749e-23  4.35190343288557e-02 -1.89573631907872e+14
  4.12023501248916e-04  1.13463451323566e-23  4.91238770716229e-02 -1.89572961878284e+14
  4.29009012246544e-04  1.13458253467513e-23  5.54505708999120e-02 -1.89572291848696e+14
  4.46694744428099e-04  1.13453055849578e-23  6.25920834514575e-02 -1.89571621819108e+14
  4.65109564143643e-04  1.13447858469751e-23  7.06533557222661e-02 -1.89570951789521e+14
  4.84283527747459e-04  1.13442661328019e-23  7.97528441226675e-02 -1.89570281759933e+14
  5.04247930655522e-04  1.13437464424373e-23  9.00242611356958e-02 -1.89569611730345e+14
  5.25035358425343e-04  1.13432267758801e-23  1.01618540155918e-01 -1.89568941700757e+14
  5.46679739941555e-04  1.13427071331293e-23  1.14706053381041e-01 -1.89568271671169e+14
  5.69216402794064e-04  1.13421875141839e-23  1.29479115347122e-01 -1.89567601641581e+14
  5.92682130939138e-04  1.13416679190425e-23  1.46154808895589e-01 -1.89566931611993e+14
  6.17115224737548e-04  1.13411483477043e-23  1.64978175098267e-01 -1.89566261582406e+14
  6.42555563467767e-04  1.13406288001680e-23  1.86225814014772e-01 -1.89565591552818e+14
  6.69044670416244e-04  1.13401092764326e-23  2.10209949193629e-01 -1.89564921523230e+14
  6.96625780651006e-04  1.13395897764972e-23  2.37283015642948e-01 -1.89564251493642e+14
  7.25343911589198e-04  1.13390703003604e-23  2.67842838688619e-01 -1.89563581464054e+14
  7.55245936473738e-04  1.13385508480212e-23  3.02338479820772e-01 -1.89562911434466e+14
  7.86380660879030e-04  1.13380314194786e-23  3.41276835430357e-01 -1.89562241404878e+14
  8.18798902370582e-04  1.13375120147314e-23  3.85230085400980e-01 -1.89561571375291e+14
  8.52553573448577e-04  1.13369926337787e-23  4.34844101009401e-01 -1.89560901345703e+14
  8.87699767910744e-04  1.13364732766192e-23  4.90847935684603e-01 -1.89560231316115e+14
  9.24294850775521e-04  1.13359539432519e-23  5.54064538087472e-01 -1.89559561286527e+14
  9.62398551912252e-04  1.13354346336757e-23  6.25422844934485e-01 -1.89558891256939e+14
  1.00207306353126e-03  1.13349153478894e-23  7.05971431263468e-01 -1.89558221227351e+14
  1.04338314169293e-03  1.13343960858922e-23  7.96893918725335e-01 -1.89557551197763e+14
  1.08639621200141e-03  1.13338768476827e-23  8.99526368319040e-01 -1.89556881168176e+14
  1.13118247965555e-03  1.13333576332600e-23  1.01537691314737e+00 -1.89556211138588e+14
  1.17781504403664e-03  1.13328384426229e-23  1.14614791968723e+00 -1.89555541109000e+14
  1.22637001801996e-03  1.13323192757704e-23  1.29376100322335e+00 -1.89554871079412e+14
  1.27692665220490e-03  1.13318001327014e-23  1.46038526503477e+00 -1.89554201049824e+14
  1.32956746426646e-03  1.13312810134147e-23  1.64846916626571e+00 -1.89553531020236e+14
  1.38437837363918e-03  1.13307619179093e-23  1.86077650685147e+00 -1.89552860990648e+14
  1.44144884175337e-03  1.13302428461842e-23  2.10042703819202e+00 -1.89552190961061e+14
  1.50087201805255e-03  1.13297237982381e-23  2.37094230635633e+00 -1.89551520931473e+14
  1.56274489203035e-03  1.13292047740701e-23  2.67629739946072e+00 -1.89550850901885e+14
  1.62716845153510e-03  1.13286857736790e-23  3.02097935962334e+00 -1.89550180872297e+14
  1.69424784760053e-03  1.13281667970637e-23  3.41005311782958e+00 -1.89549510842709e+14
  1.76409256607144e-03  1.13276478442232e-23  3.84923592058870e+00 -1.89548840813121e+14
  1.83681660630461e-03  1.13271289151564e-23  4.34498134204455e+00 -1.89548170783533e+14
  1.91253866723667e-03  1.13266100098622e-23  4.90457411605675e+00 -1.89547500753946e+14
  1.99138234112243e-03  1.13260911283394e-23  5.53623718176310e+00 -1.89546830724358e+14
  2.07347631526004e-03  1.13255722705870e-23  6.24925251560445e+00 -1.89546160694770e+14
  2.15895458203223e-03  1.13250534366039e-23  7.05409752537942e+00 -1.89545490665182e+14
  2.24795665760640e-03  1.13245346263890e-23  7.96259901057158e+00 -1.89544820635594e+14
  2.34062780965045e-03  1.13240158399413e-23  8.98810695132050e+00 -1.89544150606006e+14
  2.43711929443630e-03  1.13234970772597e-23  1.01456906797793e+01 -1.89543480576418e+14
  2.53758860371769e-03  1.13229783383430e-23  1.14523603165000e+01 -1.89542810546831e+14
  2.64219972178559e-03  1.13224596231901e-23  1.29273167257448e+01 -1.89542140517243e+14
  2.75112339312056e-03  1.13219409318000e-23  1.45922336626930e+01 -1.89541470487655e+14
  2.86453740107892e-03  1.13214222641716e-23  1.64715762585575e+01 -1.89540800458067e+14
  2.98262685806780e-03  1.13209036203039e-23  1.85929605235915e+01 -1.89540130428479e+14
  3.10558450768237e-03  1.13203850001956e-23  2.09875591507056e+01 -1.89539460398891e+14
  3.23361103929866e-03  1.13198664038458e-23  2.36905595827770e+01 -1.89538790369303e+14
  3.36691541563538e-03  1.13193478312532e-23  2.67416810747256e+01 -1.89538120339716e+14
  3.50571521381924e-03  1.13188292824169e-23  3.01857583483265e+01 -1.89537450310128e+14
  3.65023698051066e-03  1.13183107573359e-23  3.40734004162793e+01 -1.89536780280540e+14
  3.80071660166934e-03  1.13177922560088e-23  3.84617342566272e+01 -1.89536110250952e+14
  3.95739968756331e-03  1.13172737784348e-23  4.34152442654547e+01 -1.89535440221364e+14
  4.12054197364982e-03  1.13167553246126e-23  4.90067198232051e+01 -1.89534770191776e+14
  4.29040973798235e-03  1.13162368945412e-23  5.53183248986373e+01 -1.89534100162188e+14
  4.46728023582515e-03  1.13157184882196e-23  6.24428054077229e+01 -1.89533430132601e+14
  4.65144215218450e-03  1.13152001056466e-23  7.04848520690257e+01 -1.89532760103013e+14
  4.84319607299551e-03  1.13146817468211e-23  7.95626387820492e+01 -1.89532090073425e+14
  5.04285497573328e-03  1.13141634117421e-23  8.98095591342613e+01 -1.89531420043837e+14
  5.25074474024943e-03  1.13136451004084e-23  1.01376186553910e+02 -1.89530750014249e+14
  5.46720468066764e-03  1.13131268128191e-23  1.14432486912104e+02 -1.89530079984661e+14
  5.69258809920633e-03  1.13126085489729e-23  1.29170316087252e+02 -1.89529409955073e+14
  5.92726286283254e-03  1.13120903088688e-23  1.45806239192342e+02 -1.89528739925486e+14
  6.17161200368810e-03  1.13115720925057e-23  1.64584712892193e+02 -1.89528069895898e+14
  6.42603434426814e-03  1.13110538998826e-23  1.85781677573291e+02 -1.89527399866310e+14
  6.69094514837239e-03  1.13105357309983e-23  2.09708612151325e+02 -1.89526729836722e+14
  6.96677679889162e-03  1.13100175858517e-23  2.36717111099859e+02 -1.89526059807134e+14
  7.25397950353565e-03  1.13094994644418e-23  2.67204050957280e+02 -1.89525389777546e+14
  7.55302202965465e-03  1.13089813667675e-23  3.01617422231303e+02 -1.89524719747958e+14
  7.86439246935323e-03  1.13084632928277e-23  3.40462912397990e+02 -1.89524049718370e+14
  8.18859903614602e-03  1.13079452426213e-23  3.84311336729178e+02 -1.89523379688783e+14
  8.52617089445513e-03  1.13074272161472e-23  4.33807026140684e+02 -1.89522709659195e+14
  8.87765902330321e-03  1.13069092134043e-23  4.89677295316529e+02 -1.89522039629607e+14
  9.24363711561210e-03  1.13063912343916e-23  5.52743130238626e+02 -1.89521369600019e+14
  9.62470251457451e-03  1.13058732791079e-23  6.23931252169864e+02 -1.89520699570431e+14
  1.00214771886275e-02  1.13053553475522e-23  7.04287735364876e+02 -1.89520029540843e+14
  1.04346087466186e-02  1.13048374397234e-23  7.94993378614004e+02 -1.89519359511256e+14
  1.08647714948220e-02  1.13043195556203e-23  8.97381056497706e+02 -1.89518689481668e+14
  1.13126675375298e-02  1.13038016952420e-23  1.01295530531951e+03 -1.89518019452080e+14
  1.17790279230145e-02  1.13032838585873e-23  1.14341443152312e+03 -1.89517349422492e+14
  1.22646138367337e-02  1.13027660456551e-23  1.29067546746592e+03 -1.89516679392904e+14
  1.27702178437237e-02  1.13022482564444e-23  1.45690234126164e+03 -1.89516009363316e+14
  1.32966651822109e-02  1.13017304909540e-23  1.64453767463406e+03 -1.89515339333728e+14
  1.38448151105514e-02  1.13012127491829e-23  1.85633867603560e+03 -1.89514669304140e+14
  1.44155623096980e-02  1.13006950311299e-23  2.09541765646227e+03 -1.89513999274553e+14
  1.50098383434829e-02  1.13001773367942e-23  2.36528776332495e+03 -1.89513329244965e+14
  1.56286131791004e-02  1.12996596661744e-23  2.66991460441360e+03 -1.89512659215377e+14
  1.62728967702708e-02  1.12991420192695e-23  3.01377452054306e+03 -1.89511989185789e+14
  1.69437407056698e-02  1.12986243960784e-23  3.40192036316811e+03 -1.89511319156201e+14
  1.76422399253132e-02  1.12981067966001e-23  3.84005574353733e+03 -1.89510649126613e+14
  1.83695345076996e-02  1.12975892208336e-23  4.33461884444041e+03 -1.89509979097025e+14
  1.91268115306268e-02  1.12970716687775e-23  4.89287702612103e+03 -1.89509309067438e+14
  1.99153070087203e-02  1.12965541404309e-23  5.52303361654251e+03 -1.89508639037850e+14
  2.07363079108348e-02  1.12960366357928e-23  6.23434845523624e+03 -1.89507969008262e+14
  2.15911542606232e-02  1.12955191548620e-23  7.03727396206540e+03 -1.89507298978674e+14
  2.24812413237000e-02  1.12950016976374e-23  7.94360873036685e+03 -1.89506628949086e+14
  2.34080218849703e-02  1.12944842641180e-23  8.96667090144672e+03 -1.89505958919498e+14
  2.43730086198403e-02  1.12939668543026e-23  1.01214938680821e+04 -1.89505288889910e+14
  2.53777765631802e-02  1.12934494681902e-23  1.14250471827949e+04 -1.89504618860323e+14
  2.64239656800694e-02  1.12929321057797e-23  1.28964859170363e+04 -1.89503948830735e+14
  2.75132835425197e-02  1.12924147670700e-23  1.45574321354907e+04 -1.89503278801147e+14
  2.86475081165447e-02  1.12918974520601e-23  1.64322926216258e+04 -1.89502608771559e+14
  2.98284906641257e-02  1.12913801607488e-23  1.85486175233086e+04 -1.89501938741971e+14
  3.10581587648102e-02  1.12908628931350e-23  2.09375051886066e+04 -1.89501268712383e+14
  3.23385194618740e-02  1.12903456492176e-23  2.36340591406367e+04 -1.89500598682795e+14
  3.36716625381832e-02  1.12898284289957e-23  2.66779039064819e+04 -1.89499928653208e+14
  3.50597639271018e-02  1.12893112324681e-23  3.01137672800251e+04 -1.89499258623620e+14
  3.65050892640132e-02  1.12887940596336e-23  3.39921375747656e+04 -1.89498588594032e+14
  3.80099975842516e-02  1.12882769104913e-23  3.83700055246236e+04 -1.89497918564444e+14
  3.95769451734792e-02  1.12877597850400e-23  4.33117017345973e+04 -1.89497248534856e+14
  4.12084895767935e-02  1.12872426832787e-23  4.88898419871968e+04 -1.89496578505268e+14
  4.29072937731090e-02  1.12867256052063e-23  5.51863942954653e+04 -1.89495908475680e+14
  4.46761305216257e-02  1.12862085508216e-23  6.22938833824034e+04 -1.89495238446093e+14
  4.65178868874793e-02  1.12856915201236e-23  7.03167502860272e+04 -1.89494568416505e+14
  4.84355689539601e-02  1.12851745131112e-23  7.93728870687841e+04 -1.89493898386917e+14
  5.04323067289902e-02  1.12846575297833e-23  8.95953691831211e+04 -1.89493228357329e+14
  5.25113592538690e-02  1.12841405701390e-23  1.01134410949464e+05 -1.89492558327741e+14
  5.46761199226254e-02  1.12836236341769e-23  1.14159572881384e+05 -1.89491888298153e+14
  5.69301220206570e-02  1.12831067218961e-23  1.28862253293512e+05 -1.89491218268565e+14
  5.92770444916982e-02  1.12825898332955e-23  1.45458500805141e+05 -1.89490548238978e+14
  6.17207179425296e-02  1.12820729683740e-23  1.64192189067863e+05 -1.89489878209390e+14
  6.42651308952290e-02  1.12815561271306e-23  1.85338600368305e+05 -1.89489208179802e+14
  6.69144362971688e-02  1.12810393095641e-23  2.09208470765226e+05 -1.89488538150214e+14
  6.96729582993858e-02  1.12805225156733e-23  2.36152556202260e+05 -1.89487868120626e+14
  7.25451993143868e-02  1.12800057454574e-23  2.66566786693089e+05 -1.89487198091038e+14
  7.55358473649095e-02  1.12794889989151e-23  3.00898084317238e+05 -1.89486528061450e+14
  7.86497837356328e-02  1.12789722760455e-23  3.39650930519061e+05 -1.89485858031863e+14
  8.18920909403269e-02  1.12784555768473e-23  3.83394779213140e+05 -1.89485188002275e+14
  8.52680610174446e-02  1.12779389013196e-23  4.32772424628005e+05 -1.89484517972687e+14
  8.87832041676972e-02  1.12774222494612e-23  4.88509446849513e+05 -1.89483847943099e+14
  9.24432577477088e-02  1.12769056212710e-23  5.51424873861463e+05 -1.89483177913511e+14
  9.62541956344330e-02  1.12763890167481e-23  6.22443216756871e+05 -1.89482507883923e+14
  1.00222237975612e-01  1.12758724358913e-23  7.02608054971380e+05 -1.89481837854335e+14
  1.04353861342195e-01  1.12753558786994e-23  7.93097371167097e+05 -1.89481167824748e+14
  1.08655809299290e-01  1.12748393451714e-23  8.95240861105388e+05 -1.89480497795160e+14
  1.13135103412890e-01  1.12743228353063e-23  1.01053947286866e+06 -1.89479827765572e+14
  1.17799054710359e-01  1.12738063491030e-23  1.14068746255031e+06 -1.89479157735984e+14
  1.22655275613360e-01  1.12563060721427e-23  1.28748514087743e+06 -1.89456570692174e+14
  1.27711692362727e-01  1.12370747501104e-23  1.45292033372676e+06 -1.89431709320108e+14
  1.32976557955533e-01  1.12178762846604e-23  1.63937445139701e+06 -1.89406847948043e+14
  1.38458465615494e-01  1.11987106196575e-23  1.84946283816314e+06 -1.89381986575977e+14
  1.44166362818682e-01  1.11795776990623e-23  2.08619801964122e+06 -1.89357125203912e+14
  1.50109565897444e-01  1.11604774669312e-23  2.35307515802889e+06 -1.89332263831846e+14
  1.56297775246356e-01  1.11414098674162e-23  2.65367340133175e+06 -1.89307402459781e+14
  1.62741091155047e-01  1.11223748447648e-23  2.99257213968667e+06 -1.89282541087715e+14
  1.69450030293715e-01  1.11016121729777e-23  3.37431620406355e+06 -1.89255410225457e+14
  1.76435542878259e-01  1.10675690216252e-23  3.80423770111975e+06 -1.89211062261566e+14
  1.83709030543034e-01  1.10336302637731e-23  4.28816671090609e+06 -1.89166714297676e+14
  1.91282364950401e-01  1.09997955792981e-23  4.83257030782899e+06 -1.89122366333785e+14
  1.99167907167456e-01  1.09660646490587e-23  5.44533841410194e+06 -1.89078018369894e+14
  2.07378527841551e-01  1.09305129944789e-23  6.13495032430542e+06 -1.89031256406074e+14
  2.15927628207543e-01  1.08887794554913e-23  6.91054342450620e+06 -1.88976565532618e+14
  2.24829161961063e-01  1.08472052583641e-23  7.78256847096096e+06 -1.88921874659162e+14
  2.34097658033499e-01  1.08057897947179e-23  8.76383460675733e+06 -1.88867183785705e+14
  2.43748244305870e-01  1.07600935686847e-23  9.86623629174542e+06 -1.88806637911873e+14
  2.53796672300293e-01  1.07054968840499e-23  1.11051120545280e+07 -1.88734038690895e+14
  2.64259342889351e-01  1.06511772228402e-23  1.24970339457323e+07 -1.88661439469916e+14
  2.75153333065317e-01  1.05865131537328e-23  1.40590679481596e+07 -1.88574812265913e+14
  2.86496423812928e-01  1.05062359727472e-23  1.58103219431438e+07 -1.88466887148630e+14
  2.98307129131205e-01  1.04267170406583e-23  1.77722135081457e+07 -1.88359699628299e+14
  3.10604726251685e-01  1.03479858703575e-23  1.99701017298757e+07 -1.88253436233489e+14
  3.23409287102392e-01  1.02698491917988e-23  2.24324217535584e+07 -1.88147172838678e+14
  3.36741711068893e-01  1.01923025160303e-23  2.51921310185781e+07 -1.88040909443868e+14
  3.50623759105917e-01  1.00746366634174e-23  2.82758301741173e+07 -1.87878978699669e+14
  3.65078089255219e-01  9.96602634383585e-24  3.17177303016090e+07 -1.87728764988693e+14
  3.80128293627642e-01  9.89140250226181e-24  3.55702663679754e+07 -1.87625251770640e+14
  3.95798936909761e-01  9.77272343496752e-24  3.98740863655957e+07 -1.87459144407033e+14
  4.12115596457947e-01  9.62734813945727e-24  4.46668196339502e+07 -1.87253279235660e+14
  4.29104904045286e-01  9.48459125491523e-24  5.00035684235838e+07 -1.87050599184507e+14
  4.46794589329510e-01  9.34443989383432e-24  5.59258727534055e+07 -1.86849382868064e+14
  4.65213525112865e-01  9.16481269220729e-24  6.25056932815390e+07 -1.86589038736195e+14
  4.84391774467811e-01  8.97126131387984e-24  6.97880514459242e+07 -1.86303492170129e+14
  5.04360639805453e-01  8.81452366318531e-24  7.78350257649938e+07 -1.86070197255758e+14
  5.25152713966801e-01  8.63420596244433e-24  8.67686733517390e+07 -1.85799243566911e+14
  5.46801933420253e-01  8.44719880791840e-24  9.66120926123349e+07 -1.85512983521796e+14
  5.69343633652111e-01  8.31454913577461e-24  1.07537662961351e+08 -1.85309549416753e+14
  5.92814606840567e-01  8.04174309569401e-24  1.19584928236775e+08 -1.84881234742090e+14
  6.17253161907263e-01  7.82960608348541e-24  1.32720922220175e+08 -1.84541501786871e+14
  6.42699187044461e-01  7.54627819045277e-24  1.47157741931371e+08 -1.84079827129095e+14
  6.69194214819867e-01  7.38601327014771e-24  1.62954338011215e+08 -1.83812402426327e+14
  6.96781489965380e-01  7.08246737277219e-24  1.80209750554926e+08 -1.83298854045445e+14
  7.25506039960407e-01  6.85886590147417e-24  1.99021049182647e+08 -1.82909758436235e+14
  7.55414748524941e-01  6.60492944028643e-24  2.19425543601392e+08 -1.82458082341168e+14
  7.86556432142373e-01  6.30762557851537e-24  2.41844713529423e+08 -1.81914580827235e+14
  8.18981919736921e-01  6.00978750161271e-24  2.65371818545773e+08 -1.81353712616797e+14
  8.52744135635731e-01  5.66453688348698e-24  2.91143697830208e+08 -1.80676701941521e+14
  8.87898185951062e-01  5.37261853166920e-24  3.18308881455263e+08 -1.80082820639946e+14
  9.24501448523538e-01  5.08210010552950e-24  3.47581691725265e+08 -1.79467797125552e+14
  9.62613666573286e-01  4.78710863456795e-24  3.78492052260291e+08 -1.78816019567000e+14
  1.00229704621179e+00  4.47838085138304e-24  4.11366949077414e+08 -1.78103143338676e+14
  1.04361635797366e+00  4.12913868531822e-24  4.46173627260803e+08 -1.77249402502844e+14
  1.08663904253397e+00  3.82794569553046e-24  4.81686011355002e+08 -1.76470104511844e+14
  1.13143532078379e+00  3.55441578313888e-24  5.19833142655349e+08 -1.75714368388518e+14
  1.17807830844353e+00  3.30157519957534e-24  5.59318223334306e+08 -1.74977910943535e+14
  1.22664413540117e+00  3.03881560139114e-24  6.00269618603008e+08 -1.74160344577054e+14
  1.27721206997013e+00  2.77381683770017e-24  6.43069658159082e+08 -1.73265172877944e+14
  1.32986464826973e+00  2.53152768207730e-24  6.87438546621370e+08 -1.72389893545970e+14
  1.38468780893913e+00  2.31433400650065e-24  7.32464786955041e+08 -1.71534123946538e+14
  1.44177103340503e+00  2.10790833653389e-24  7.79127462831442e+08 -1.70644037561206e+14
  1.50120749193162e+00  1.89502277736314e-24  8.26585170858962e+08 -1.69647680407955e+14
  1.56309419569156e+00  1.70486757877581e-24  8.75891597337777e+08 -1.68657963595306e+14
  1.62753215510594e+00  1.53281657037022e-24  9.24758355529710e+08 -1.67666375287310e+14
  1.69462654471175e+00  1.37559420221735e-24  9.74319413282637e+08 -1.66649513927274e+14
  1.76448687482598e+00  1.23622113365344e-24  1.02504266380764e+09 -1.65646123969585e+14
  1.83722717028651e+00  1.11149993724363e-24  1.07605665474120e+09 -1.64630197211608e+14
  1.91296615656144e+00  9.93632029691887e-25  1.12863378205775e+09 -1.63586892039812e+14
  1.99182745353085e+00  8.91409250899453e-25  1.18091668223797e+09 -1.62552089879529e+14
  2.07393977725698e+00  8.02757285781423e-25  1.23377370331736e+09 -1.61536590742420e+14
  2.15943715007245e+00  7.20768701374456e-25  1.28797627844551e+09 -1.60507995398455e+14
  2.24845911932920e+00  6.48432166031078e-25  1.34265133701400e+09 -1.59465703174785e+14
  2.34115098516530e+00  5.85651928812839e-25  1.39961828816240e+09 -1.58443617558820e+14
  2.43766403766132e+00  5.28492690247498e-25  1.45481048066060e+09 -1.57403762219844e+14
  2.53815580377348e+00  4.78252714138288e-25  1.51300617335133e+09 -1.56357624798366e+14
  2.64279030444639e+00  4.35107917226711e-25  1.57299626949498e+09 -1.55327621175782e+14
  2.75173832232530e+00  3.95677987032607e-25  1.63549155191500e+09 -1.54289893623821e+14
  2.86517768050456e+00  3.61649173769055e-25  1.69889469453281e+09 -1.53258328118899e+14
  2.98329353276748e+00  3.32121967026707e-25  1.75955493738463e+09 -1.52235426357261e+14
  3.10627866579114e+00  3.02128198029901e-25  1.82633533722136e+09 -1.51199718933816e+14
  3.23433381380955e+00  2.77619071543262e-25  1.89743453389959e+09 -1.50169382399771e+14
  3.36766798624859e+00  2.53673338511028e-25  1.97175524344548e+09 -1.49149852186403e+14
  3.50649880886768e+00  2.32246617788140e-25  2.04586997200477e+09 -1.48134808344402e+14
  3.65105287896478e+00  2.15247802677418e-25  2.12035473108367e+09 -1.47132427017938e+14
  3.80156613522467e+00  2.01544393289858e-25  2.20139970780495e+09 -1.46125292137019e+14
  3.95828424281402e+00  1.88878647867281e-25  2.28631439806485e+09 -1.45105742317684e+14
  4.12146299435187e+00  1.79791684693732e-25  2.37934183011553e+09 -1.44100948714008e+14
  4.29136872741002e+00  1.73201844451581e-25  2.47697906978874e+09 -1.43109415897067e+14
  4.46827875922459e+00  1.65892664501164e-25  2.58262544019139e+09 -1.42096232319979e+14
  4.65248183932857e+00  1.59792671419089e-25  2.69835387960630e+09 -1.41094572394226e+14
  4.84427862084379e+00  1.52291890927444e-25  2.82293501339410e+09 -1.40089677719285e+14
  5.04398215120190e+00  1.44990989071864e-25  2.95766629588175e+09 -1.39073387406886e+14
  5.25191838309494e+00  1.39261838472276e-25  3.10338046347185e+09 -1.38045832307488e+14
  5.46842670648984e+00  1.35772397080614e-25  3.26113177756119e+09 -1.37014391387875e+14
  5.69386050257491e+00  1.33076358584139e-25  3.43676420536235e+09 -1.35974922701911e+14
  5.92858772054255e+00  1.30345656473636e-25  3.63223408626117e+09 -1.34915998812652e+14
  6.17299147814966e+00  1.25416412587212e-25  3.84348960226311e+09 -1.33840248507957e+14
  6.42747068703592e+00  1.17353409234661e-25  4.07174996001682e+09 -1.32749248566672e+14
  6.69244070382053e+00  1.07371999684107e-25  4.31041060846250e+09 -1.31638925055016e+14
  6.96833400804018e+00  9.81350610761675e-26  4.55620870643469e+09 -1.30511193909438e+14
  7.25560090803481e+00  9.13338632607608e-26  4.80819078813883e+09 -1.29366757617953e+14
  7.55471027593314e+00  8.67587969606319e-26  5.08229654247628e+09 -1.28203986151047e+14
  7.86615031293780e+00  8.27295411698291e-26  5.36770425976079e+09 -1.27025101303232e+14
  8.19042934615897e+00  7.79499770408638e-26  5.68087013464614e+09 -1.25830497293355e+14
  8.52807665829718e+00  7.24638523593228e-26  6.01518220877866e+09 -1.24618755434191e+14
  8.87964335152959e+00  6.73633857243174e-26  6.35871280156332e+09 -1.23382605509742e+14
  9.24570324700943e+00  6.32545687805188e-26  6.72108360866512e+09 -1.22125721345914e+14
  9.62685382144718e+00  5.94562393030295e-26  7.10600376886872e+09 -1.20852563831952e+14
  1.00237171823018e+01  5.54712216261168e-26  7.51028005142813e+09 -1.19560053787130e+14
  1.04369410831740e+01  5.20062328395565e-26  7.94862900160130e+09 -1.18246227829108e+14
  1.08671999810585e+01  4.93414562146535e-26  8.40261303087390e+09 -1.16912007719219e+14
  1.13151961371810e+01  4.66539745455093e-26  8.89311571840071e+09 -1.15556156922597e+14
  1.17816607632177e+01  4.35034175276595e-26  9.41467290562741e+09 -1.14176945975484e+14
  1.22673552147657e+01  4.01130358068931e-26  9.96153997891548e+09 -1.12775788225001e+14
  1.27730722340148e+01  3.68956489838643e-26  1.05279313179513e+10 -1.11355386670563e+14
  1.32996372436483e+01  3.41363988107309e-26  1.11216360462446e+10 -1.09914138426622e+14
  1.38479096940830e+01  3.17385838290911e-26  1.17298515554296e+10 -1.08450068911816e+14
  1.44187844662502e+01  2.93802401454467e-26  1.23779810806759e+10 -1.06965816217631e+14
  1.50131933322046e+01  2.69521487826859e-26  1.30541888088019e+10 -1.05464006380235e+14
  1.56321064759469e+01  2.49409572384820e-26  1.37458540154977e+10 -1.03944322155548e+14
  1.62765340769416e+01  2.30684250298493e-26  1.44721621911386e+10 -1.02406996634240e+14
  1.69475279589147e+01  2.07763697074272e-26  1.52347834331243e+10 -1.00852946530053e+14
  1.76461833066222e+01  1.89800402041921e-26  1.60059380001108e+10 -9.92830152857886e+13
  1.83736404533924e+01  1.76932400501082e-26  1.68092935135139e+10 -9.77006169760229e+13
  1.91310867423578e+01  1.64318676969840e-26  1.76436113356498e+10 -9.61046097176137e+13
  1.99197584644171e+01  1.54868107761957e-26  1.85312926370216e+10 -9.44941795452060e+13
  2.07409428760875e+01  1.41214662844172e-26  1.94645277567704e+10 -9.28694771617710e+13
  2.15959803005428e+01  1.25890344988258e-26  2.04212015808230e+10 -9.12316092371977e+13
  2.24862663152666e+01  1.17911461395991e-26  2.14480288649387e+10 -8.95827000711243e+13
  2.34132540298892e+01  1.08763173330711e-26  2.24147582746624e+10 -8.79234329831997e+13
  2.43784564579290e+01  1.02416121667683e-26  2.34997602166106e+10 -8.62536828215184e+13
  2.53834489863071e+01  9.46225200534310e-27  2.46416353095741e+10 -8.45718370566424e+13
  2.64298719466667e+01  8.50270423355885e-27  2.58130545292810e+10 -8.28797997517913e+13
  2.75194332926949e+01  7.56932181728983e-27  2.69826488569349e+10 -8.11786683386695e+13
  2.86539113878149e+01  6.82839728289457e-27  2.81745668697948e+10 -7.94708240255006e+13
  2.98351579078010e+01  6.24677630900608e-27  2.94025254744729e+10 -7.77597802615424e+13
  3.10651008630519e+01  5.77200780232045e-27  3.06700065329062e+10 -7.60453952400552e+13
  3.23457477454563e+01  5.22068094630228e-27  3.19810428189302e+10 -7.43272908184292e+13
  3.36791888049871e+01  4.70264426644065e-27  3.33170553016015e+10 -7.26076537405954e+13
  3.50676004613714e+01  4.25717114880506e-27  3.46841524961634e+10 -7.08882373981751e+13
  3.65132488564060e+01  3.78728432874765e-27  3.60569091985511e+10 -6.91703117504423e+13
  3.80184935527150e+01  3.42031533863680e-27  3.74554523554230e+10 -6.74556622583350e+13
  3.95857913849878e+01  3.13971587239052e-27  3.88845899432305e+10 -6.57455019042818e+13
  4.12177004699827e+01  2.82813630000622e-27  4.03612385101249e+10 -6.40404141643067e+13
  4.29168843818413e+01  2.55063040603382e-27  4.18875936707138e+10 -6.23415333220173e+13
  4.46861164995289e+01  2.28052591817382e-27  4.34336300287826e+10 -6.06498742146355e+13
  4.65282845334961e+01  2.01417286718257e-27  4.49117513248544e+10 -5.89671701613766e+13
  4.84463952389507e+01  1.78570372601720e-27  4.63624038144526e+10 -5.72953234485285e+13
  5.04435793234321e+01  1.58045853151945e-27  4.79007355441324e+10 -5.56360712485173e+13
  5.25230965566984e+01  1.40498628660336e-27  4.94490432567704e+10 -5.39911674982574e+13
  5.46883410912675e+01  1.24022605109989e-27  5.10687615046588e+10 -5.23620391398545e+13
  5.69428470022946e+01  1.07926356172183e-27  5.26305753422937e+10 -5.07499472646954e+13
  5.92902940558290e+01  9.55804473298981e-28  5.40499618610774e+10 -4.91568126095328e+13
  6.17345137148660e+01  8.43111032514079e-28  5.53633144382821e+10 -4.75840339785050e+13
  6.42794953929949e+01  7.39088348161189e-28  5.69332406165425e+10 -4.60324513647035e+13
  6.69293929658522e+01  6.36866720989964e-28  5.82455448189300e+10 -4.45032612252568e+13
  6.96885315510060e+01  5.46912034490242e-28  5.98165610690881e+10 -4.29981389968899e+13
  7.25614145673391e+01  4.69216672109957e-28  6.11745789447583e+10 -4.15186410333500e+13
  7.55527310854529e+01  3.98245964539266e-28  6.25412178011071e+10 -4.00662192029195e+13
  7.86673634810877e+01  3.41248125636423e-28  6.39393766472172e+10 -3.86422079696209e+13
  8.19103954040535e+01  2.83818880905933e-28  6.50489336960598e+10 -3.72476030266754e+13
  8.52871200756762e+01  2.34194424773153e-28  6.60580307364007e+10 -3.58838092441191e+13
  8.88030489283030e+01  1.95209978413422e-28  6.70986289204181e+10 -3.45520621610937e+13
  9.24639206009683e+01  1.53411391589396e-28  6.80596826845736e+10 -3.32535682249422e+13
  9.62757103059024e+01  1.20304299565610e-28  6.89357492549103e+10 -3.19896294787180e+13
  1.00244639581171e+02  9.31585838624282e-29  6.96878829632449e+10 -3.07613401865101e+13
  1.04377186445361e+02  6.90934595639918e-29  7.04037476300819e+10 -2.95697657950591e+13
  1.08680095970899e+02  4.74704548803464e-29  7.10144834361988e+10 -2.84157030931054e+13
  1.13160391293232e+02  2.96127900238300e-29  7.14815759618746e+10 -2.73005663439087e+13
